SOMADOR - QUADCORE

Threads   Execution Time (s)

10⁷ positions	
1	  0,0420458
2	  0,0390421
4	  0,0355917
8	  0,0299735
16	  0,0259878
32	  0,0236754
64	  0,0180293
128	  0,0270852
256 	0,0356263

10⁸ positions	
1	    0,4144911
2	    0,3632143
4	    0,3345138
8	    0,3123599
16	  0,3020173
32	  0,2740305
64	  0,2174925
128	  0,1596913
256	  0,1725323

10⁹ positions	
1	    4,169958
2	    3,141266
4	    2,975422
8	    2,66773
16	  2,512314
32	  2,437286
64	  2,331126
128	  2,339075
256	  2,208812
